
1114,Database/mysql:mysql1.mysql.local.flyacmeair.net:3306:acmeair/booking/select,0.08386192541640168,0.9998140858355133,0.6907752521491906,0.6340652018128368,0.6907752521491906,0.6340652018128368,0.7092619940263134,0.9999510599623896,0.24262078680886134,0.007492268931967416,0.10414592334135561,0.02008410312931308
1115,WebTransaction/RestWebService/bookings/byuser/{user} (GET),0.08386192541640168,0.9998140858355133,0.7162544996806266,0.9991968257439922,0.7199514454445156,0.998105174761665,0.7168662134445822,0.9872532573549451,0.2964858674737257,3.965007274671084E-4,0.15254662041043013,0.003140415225405091
1116,Database/mysql:mysql1.mysql.local.flyacmeair.net:3306:acmeair/booking/select,0.08386192541640168,0.9998140858355133,0.6907752521491906,0.6340652018128368,0.6907752521491906,0.6340652018128368,0.7092619940263134,0.9999510599623896,0.24262078680886134,0.007492268931967416,0.10414592334135561,0.02008410312931308
1117,Apdex/RestWebService/customer/byid/{custid} (POST),0.08386603173212531,0.9998143837140614,NaN,NaN,NaN,NaN,0.7165387886814129,0.9999218713620781,0.7165387886814129,0.9999218713620781,NaN,NaN
1118,WebTransactionTotalTime/RestWebService/customer/byid/{custid} (POST),0.08386603173212531,0.9998143837140614,0.7135356752726121,0.8576165204331075,0.7135356752726121,0.8576165204331075,0.7165473913981085,0.9997103572391511,0.5486962981318577,7.077384295507416E-4,0.28403949815430946,0.06112228726328206
1119,Errors/WebTransaction/RestWebService/login (POST),0.007967431961982588,NaN,NaN,NaN,NaN,NaN,NaN,NaN,NaN,NaN,NaN,NaN
1120,WebTransactionTotalTime/RestWebService/bookings/byuser/{user} (GET),0.08386192541640168,0.9998140858355133,0.7162544996806266,0.9991968257439922,0.7162544996806266,0.9991968257439922,0.7168662134445822,0.9872532573549451,0.2964858674737257,3.965007274671084E-4,0.15254662041043013,0.003140415225405091
1122,Errors/allWeb,0.007967431961982588,NaN,NaN,NaN,NaN,NaN,NaN,NaN,NaN,NaN,NaN,NaN
1123,Database/mysql:mysql1.mysql.local.flyacmeair.net:3306:acmeair/customer/select,0.08386192541640168,0.9998140858355133,0.6828684056116002,0.5585888683944227,0.6828684056116002,0.5585888683944227,0.7057085234236716,0.9999025809554475,0.23839538706233224,0.01130714030445723,0.09222559978230538,0.05024439682194637
1124,WebTransaction/RestWebService/customer/byid/{custid} (POST),0.08386603173212531,0.9998143837140614,0.7135356752726121,0.8576165204331075,0.7145757568522241,0.8330611360494908,0.7165473913981085,0.9997103572391511,0.5486962981318577,7.077384295507416E-4,0.28403949815430946,0.06112228726328206
1126,Errors/all,0.007967431961982588,NaN,NaN,NaN,NaN,NaN,NaN,NaN,NaN,NaN,NaN,NaN
1127,Apdex/RestWebService/bookings/byuser/{user} (GET),0.08386192541640168,0.9998140858355133,NaN,NaN,NaN,NaN,0.7165387886814129,0.9999218713620781,0.7165387886814129,0.9999218713620781,NaN,NaN
1128,Database/mysql:mysql1.mysql.local.flyacmeair.net:3306:acmeair/warnings/show,0.08386192541640168,0.9998140858355133,0.621973521338616,0.19396583837348702,0.621973521338616,0.19396583837348702,0.6809744979230256,0.9988695584961663,0.31708356093686735,0.011843927008517996,0.14907243226253936,0.4902493407681092
1130,Database/mysql:mysql1.mysql.local.flyacmeair.net:3306:acmeair/customer/update,0.08386603173212531,0.9998143837140614,0.6872783517406863,0.4597485725261977,0.6872783517406863,0.4597485725261977,0.7040662192678458,0.999994853817877,0.27278189762894345,0.013352528631320526,0.10289111189174702,0.10021412128256268
1131,Database/mysql:mysql1.mysql.local.flyacmeair.net:3306:acmeair/warnings/show,0.08386603173212528,0.9998143837140621,0.6674059555994767,0.8981865044389368,0.6674059555994767,0.8981865044389368,0.688104533428816,0.9998143809540068,0.19460190597471397,0.021441091781073562,0.11727815753851871,0.14879504377113895
1132,Database/update,0.08386603173212531,0.9998143837140614,0.6872783517406863,0.4597485725261977,0.6872783517406863,0.4597485725261977,0.7040662192678458,0.999994853817877,0.27278189762894345,0.013352528631320526,0.10289111189174702,0.10021412128256268
1133,Database/mysql:mysql1.mysql.local.flyacmeair.net:3306:acmeair/customer/update,0.08386603173212531,0.9998143837140614,0.6872783517406863,0.4597485725261977,0.6872783517406863,0.4597485725261977,0.7040662192678458,0.999994853817877,0.27278189762894345,0.013352528631320526,0.10289111189174702,0.10021412128256268
1138,Database/mysql:mysql1.mysql.local.flyacmeair.net:3306:acmeair/customer/select,0.08386603173212531,0.9998143837140614,0.6922745201949374,0.9173707903345789,0.6922745201949374,0.9173707903345789,0.7036798354956705,0.9999900771836214,0.32596941474972163,0.0024098122842119984,0.25604632300325025,0.44755526539806034
1140,Database/mysql:mysql1.mysql.local.flyacmeair.net:3306:acmeair/VARIABLE/select,0.08386603173212531,0.9998143837140614,0.6646210502235071,0.8418799983630287,0.6646210502235071,0.8418799983630287,0.6920305133350726,0.9999398790330898,0.20047803249109009,0.07877837578872726,0.09114549844349197,0.1512172774338204
1179,WebTransaction/Servlet/default,0.011299435028249424,0.0,0.04581793957149528,0.9947467858453024,0.04581793957149528,0.9947467858453024,0.04581793957149528,0.9947467858453024,0.04581793957149528,0.9947467858453024,0.03615570999240728,0.9887121108201483
1180,WebTransactionTotalTime/Servlet/default,0.011299435028249424,0.0,0.04581793957149528,0.9947467858453024,0.04581793957149528,0.9947467858453024,0.04581793957149528,0.9947467858453024,0.04581793957149528,0.9947467858453024,0.03615570999240728,0.9887121108201483
1182,Apdex/Servlet/default,0.011299435028249424,0.0,NaN,NaN,NaN,NaN,0.011182560854799784,0.9990050962979977,0.011182560854799784,0.9990050962979977,NaN,NaN
1382,ExternalApp/auth1.auth-service-mysql.local.flyacmeair.net/9#20/all,0.08429518099108743,0.9998573630689112,0.7327528880486395,0.8467442042770266,0.7327528880486395,0.8467442042770266,0.7767357092178768,0.0,0.7931709535434199,0.05077829073571982,0.4239105489690922,0.8986777550603938
1384,ExternalTransaction/auth1.auth-service-mysql.local.flyacmeair.net/9#20/WebTransaction/Servlet/jersey-servlet,0.08386204929279469,0.9998140250990052,0.7038096025785336,0.8203572540844815,0.7038096025785336,0.8203572540844815,0.7067819400356411,0.9998775719101455,0.28690414376067075,0.010295719804881087,0.25086093685443245,0.21211955811733718
1385,ExternalTransaction/auth1.auth-service-mysql.local.flyacmeair.net/9#20/WebTransaction/Servlet/jersey-servlet,0.08386204929279469,0.9998140250990052,0.7038096025785336,0.8203572540844815,0.7038096025785336,0.8203572540844815,0.7067819400356411,0.9998775719101455,0.28690414376067075,0.010295719804881087,0.25086093685443245,0.21211955811733718
1386,ExternalTransaction/auth1.auth-service-mysql.local.flyacmeair.net/9#20/WebTransaction/RestWebService/authtoken/byuserid/{userid} (POST),0.08470700807879236,0.999890173770263,0.7376629515669418,0.7591770143494883,0.7376629515669418,0.7591770143494883,0.8967349891709476,0.0,0.7931709535434199,0.05077829073571982,0.42579202662590027,0.8815567154096744
1387,ExternalTransaction/auth1.auth-service-mysql.local.flyacmeair.net/9#20/WebTransaction/RestWebService/authtoken/byuserid/{userid} (POST),0.08470581577768022,0.9998901204545332,0.7376723187242183,0.760329623703139,0.7376723187242183,0.760329623703139,0.8967349891709476,0.0,0.7931709535434199,0.05077829073571982,0.42580050605988495,0.8813324226006533
911,MemoryPool/Non-Heap/Code Cache/Max,0.9422177533197117,5.516555345863594E-8,0.024963989012263123,0.9109048201815256,0.024963989012263123,0.9109048201815256,0.08083920549003827,0.966506883275712,0.08083920549003827,0.966506883275712,0.1049326537196941,0.9098264665553911
912,MemoryPool/Non-Heap/Code Cache/Used,0.9422177533197117,5.516555345863594E-8,0.7169652913498231,0.2489213208459694,0.7169652913498231,0.2489213208459694,0.738402066277061,0.015129494081505213,0.7400074168909901,0.241809029855243,0.34643047569195856,0.9954042631740473
913,Database/mysql:mysql1.mysql.local.flyacmeair.net:3306:acmeair/VARIABLE/select,0.011229551007464216,5.2382542747864136E-12,0.057014016872243264,0.9781735822860592,0.057014016872243264,0.9781735822860592,0.047818209815537416,0.9279127437197496,0.057017744095217225,0.98186506422848,0.03689687201585161,0.986862008025859
914,Memory/Heap/Max,0.9422177533197117,5.516555345863594E-8,0.024816652495444486,0.9115709408359447,0.024816652495444486,0.9115709408359447,0.08083920549003555,0.9665068832756079,0.08271734018576392,0.9660186064494405,0.10452678273978223,0.910893650128126
915,MemoryPool/Heap/PS Eden Space/Committed,0.9422177533197117,5.516555345863594E-8,0.6628942361411077,0.5422737481306641,0.6628942361411077,0.5422737481306641,0.6662360045399215,0.4075510714009841,0.6133508235160657,0.3676894001197537,0.3857030381868708,0.902211395808947
916,External/eureka.eureka.local.flyacmeair.net/CommonsHttp,0.007967431961982588,0.0,0.056997993931300804,0.9829100290484424,0.056997993931300804,0.9829100290484424,0.056997993931300804,0.9829100290484424,0.056997993931300804,0.9829100290484424,0.036879872028359045,0.9869056742241213
917,Apdex,0.0838647537748574,0.9998193859597165,0.4347950588767348,0.9713344089443962,0.48618168161968023,0.984941820876624,0.8436804153567008,1.247606462584372E-10,0.8436804153567008,1.247606462584372E-10,NaN,NaN
918,Memory/NonHeap/Used,0.9422177533197117,5.516555345863594E-8,0.40696344979933036,0.02058261873640732,0.40696344979933036,0.02058261873640732,0.4727621953237294,0.08443220035368804,0.4851129289091347,0.005849728987223357,0.24809631717512318,0.24721559966830842
920,OtherTransaction/Initializer/ServletContextListener/com.netflix.karyon.server.guice.KaryonGuiceContextListener/contextInitialized,0.007967431961982588,0.0,0.05699799393130183,0.9829100290483945,NaN,NaN,0.05699799393130183,0.9829100290483945,0.05699799393130183,0.9829100290483945,0.03687987202835972,0.9869056742240042
921,Database/mysql:mysql1.mysql.local.flyacmeair.net:3306:acmeair/VARIABLE/select,0.084448690429924,0.999836775896883,0.6637375935675583,0.7190722390068831,0.6637375935675583,0.7190722390068831,0.6435291959375317,2.624633742120963E-6,0.03115230030217877,0.998788800525394,0.019099218251765963,0.9996438740892843
922,MemoryPool/Non-Heap/PS Perm Gen/Used,0.9422177533197117,5.516555345863594E-8,0.20535579400868031,0.1828967586088346,0.20535579400868031,0.1828967586088346,0.2910793185905532,0.4636348025031881,0.29284924572673066,0.08029453001203424,0.12217660737404687,0.18971418287633512
923,Memory/Heap/Used,0.9422177533197117,5.516555345863594E-8,0.04678018651733789,4.788745339157074E-7,0.04678018651733789,4.788745339157074E-7,0.2823184131015468,2.811265613200664E-5,0.3469918387959584,3.1812015355292544E-8,0.2915742500879617,1.1102230246251565E-16
924,OtherTransaction/Initializer/ServletContextListener/org.apache.tomcat.websocket.server.WsContextListener/contextInitialized,0.007967431961984146,0.0,0.056997993931301096,0.9829100290483893,NaN,NaN,0.05699799393130217,0.9829100290482834,0.05699799393130158,0.982910029048374,0.03687987202835937,0.9869056742241251
925,MemoryPool/Non-Heap/PS Perm Gen/Max,0.9422177533197117,5.516555345863594E-8,0.02496398901226361,0.9109048201813351,0.02496398901226361,0.9109048201813351,0.0808392054900365,0.9665068832757452,0.0808392054900365,0.9665068832757452,0.10493265371969447,0.9098264665553949
926,Apdex/Spring/org.springframework.data.jpa.repository.support.SimpleJpaRepository/setRepositoryMethodMetadata,NaN,NaN,0.0015682310755782026,0.9860085844042662,0.05699799393130125,0.982910029048405,0.04152939475810861,0.9247594764457752,0.04152939475810861,0.9247594764457752,NaN,NaN
927,WebTransactionTotalTime,0.08396889509309577,0.9998309229129004,0.9095523115613281,0.0,0.9095523115613281,0.0,0.5043613835517363,0.0,0.5410232938553754,0.34060412343701496,0.8801125019004238,0.9994953889390117
928,MemoryPool/Heap/PS Eden Space/Used,0.9422177533197117,5.516555345863594E-8,0.4604005660276736,0.17005157127012516,0.4604005660276736,0.17005157127012516,0.5998501566110075,0.12858412844597655,0.19666805026615933,0.11064403047350435,0.24053767040839585,0.30770114575360685
929,OtherTransactionTotalTime/Initializer/ServletContextListener/org.apache.tomcat.websocket.server.WsContextListener/contextInitialized,0.007967431961984146,0.0,0.056997993931301096,0.9829100290483893,NaN,NaN,0.05699799393130217,0.9829100290482834,0.05699799393130158,0.982910029048374,0.03687987202835937,0.9869056742241251
1441,WebTransactionTotalTime/JSP/injectissue.jsp,0.01009512145262164,0.0,0.05664383514017469,0.98346697128746,0.05664383514017469,0.98346697128746,0.0559311393787532,0.9845450166258585,0.055931678490925646,0.9845442223500693,0.03687751856093513,0.9869119250454249
1442,WebTransaction/JSP/injectissue.jsp,0.01009512145262164,0.0,0.05664383514017469,0.98346697128746,0.05664383514017469,0.98346697128746,0.0559311393787532,0.9845450166258585,0.055931678490925646,0.9845442223500693,0.03687751856093513,0.9869119250454249
930,External/eureka.eureka.local.flyacmeair.net/CommonsHttp,0.007967431961982588,0.0,0.056997993931300804,0.9829100290484424,0.056997993931300804,0.9829100290484424,0.056997993931300804,0.9829100290484424,0.056997993931300804,0.9829100290484424,0.036879872028359045,0.9869056742241213
931,WebTransaction,0.08396889509309577,0.9998309229129004,0.9095523115613281,0.0,0.8170650472705667,0.0,0.5043613835517363,0.0,0.5410232938553754,0.34060412343701496,0.8801125019004238,0.9994953889390117
1443,Apdex/JSP/injectissue.jsp,0.01009512145262164,0.0,NaN,NaN,NaN,NaN,0.011182560854799784,0.9990050962979977,0.011182560854799784,0.9990050962979977,NaN,NaN
932,Database/getConnection,0.08418244947776744,0.999850708274787,0.19154017557943329,0.12764460555417378,0.19154017557943329,0.12764460555417378,0.05540722940813844,0.9842211632068566,0.05551464161870539,0.9840151024267201,0.036881903736097205,0.9868995295562545
933,Database/mysql:mysql1.mysql.local.flyacmeair.net:3306/all,0.08414333202613751,0.9998479342840311,0.762848037509768,0.00828626813669664,0.762848037509768,0.00828626813669664,0.5961048080356661,3.063615119891505E-5,0.35297186425469457,2.148262624457331E-4,0.48549106759830757,0.19045075818646584
934,Database/allOther,0.007967431961982588,0.0,0.05699799393130132,0.98291002904833,0.05699799393130132,0.98291002904833,0.05699799393130151,0.9829100290483239,0.056997993931301165,0.9829100290484163,0.03687987202835876,0.9869056742240871
935,Database/mysql:mysql1.mysql.local.flyacmeair.net:3306:acmeair/collations/select,0.011299435028249422,0.0,0.04364533257441459,0.9246256227255605,0.04364533257441459,0.9246256227255605,0.041418012881247614,0.9247936366412569,0.04508797263523671,0.9251655651893519,0.0440347546532437,0.9392840751894774
936,MemoryPool/Heap/PS Survivor Space/Committed,0.9422177533197117,5.516555345863594E-8,0.3744017461270462,0.8361366670453076,0.3744017461270462,0.8361366670453076,0.3856685462416294,0.8370038525505146,0.33690037174849896,0.8475442821289632,0.008807545866797387,0.7572063014759777
937,WebTransaction/Spring/org.springframework.data.jpa.repository.support.SimpleJpaRepository/setRepositoryMethodMetadata,0.011299435028249422,0.0,0.056736366630505984,0.9707485645348534,0.05675184830607064,0.9710197720609021,0.056736366630505984,0.9707485645348534,0.056736366630505984,0.9707485645348534,0.03731818462135331,0.98573874656887
938,MemoryPool/Non-Heap/Code Cache/Committed,0.9422177533197117,5.516555345863594E-8,0.7128907536760813,0.17694223899878336,0.7128907536760813,0.17694223899878336,0.7355789506192497,0.010094283048815877,0.737398531356549,0.1752183723406202,0.3412920408147097,0.993370020345425
939,Memory/Physical,0.9422177533197117,5.516555345863594E-8,0.44389386679161474,0.5717161114414981,0.44389386679161474,0.5717161114414981,0.4019235693411156,0.6971914549463798,0.36985733310440205,0.694541269600849,0.09727468884177413,0.8339789316787892
940,Database/mysql:mysql1.mysql.local.flyacmeair.net:3306:acmeair/variables/select,0.011299435028249422,0.0,0.057011308318048105,0.9779977588737231,0.057011308318048105,0.9779977588737231,0.044843715485841484,0.9250341846150643,0.05702906940846637,0.9804145958236469,0.03692401877710445,0.9867920178309812
941,MemoryPool/Heap/PS Eden Space/Max,0.9422177533197117,5.516555345863594E-8,0.40044595123975,0.9180042076340336,0.40044595123975,0.9180042076340336,0.41546219538313894,0.9102651680442068,0.4456059716508644,0.9885917495218098,0.12581495906717843,0.9860455178746889
942,WebTransactionTotalTime/Spring/org.springframework.data.jpa.repository.support.SimpleJpaRepository/setRepositoryMethodMetadata,0.011299435028249422,0.0,0.056736366630505984,0.9707485645348534,0.056736366630505984,0.9707485645348534,0.056736366630505984,0.9707485645348534,0.056736366630505984,0.9707485645348534,0.03731818462135331,0.98573874656887
943,Memory/NonHeap/Committed,0.9422177533197117,5.516555345863594E-8,0.2898640377129359,0.5687631456957462,0.2898640377129359,0.5687631456957462,0.34919833891587043,0.6680886058454688,0.35459813728567363,0.46519229976136844,0.06850118366094089,0.8672999730606609
1455,ExternalTransaction/auth1.auth-service-mysql.local.flyacmeair.net/9#20/WebTransaction/RestWebService/authtoken/byuserid/{userid} (POST),0.007967431961982588,0.9999827333440457,0.0015682310755841932,0.9860085844042361,0.0015682310755841932,0.9860085844042361,0.0015682310755841932,0.9860085844042361,0.0015682310755841932,0.9860085844042361,0.024099503043838774,0.9883502536383554
944,MemoryPool/Non-Heap/PS Perm Gen/Committed,0.9422177533197117,5.516555345863594E-8,0.11276376674711346,0.9360664563577197,0.11276376674711346,0.9360664563577197,0.18029173717041155,0.9637671334969264,0.1755753324575132,0.9059897414281584,0.0748612897970103,0.9818057791977851
945,External/eureka.eureka.local.flyacmeair.net/all,0.007967431961982588,0.0,0.056997993931300804,0.9829100290484424,0.056997993931300804,0.9829100290484424,0.056997993931300804,0.9829100290484424,0.056997993931300804,0.9829100290484424,0.036879872028359045,0.9869056742241213
946,MemoryPool/Heap/PS Old Gen/Used,0.9422177533197117,5.516555345863594E-8,0.4723469242045809,3.958722238905921E-12,0.4723469242045809,3.958722238905921E-12,0.20883501970912666,4.431744415889227E-9,0.632928558927563,7.782663402622347E-14,0.5505584671133225,0.0
947,External/all,0.007967431961982588,0.0,0.056997993931300804,0.9829100290484424,0.056997993931300804,0.9829100290484424,0.056997993931300804,0.9829100290484424,0.056997993931300804,0.9829100290484424,0.036879872028359045,0.9869056742241213
948,Database/mysql:mysql1.mysql.local.flyacmeair.net:3306:acmeair/variables/select,0.011299435028249422,0.0,0.057011308318048105,0.9779977588737231,0.057011308318048105,0.9779977588737231,0.044843715485841484,0.9250341846150643,0.05702906940846637,0.9804145958236469,0.03692401877710445,0.9867920178309812
949,Threads/all,0.43112391920287824,1.0630960188828809E-6,NaN,NaN,NaN,NaN,NaN,NaN,NaN,NaN,NaN,NaN
950,CPU/User Time,1.0,NaN,0.9757447552915487,2.9275755153435057E-9,0.9757447552915487,2.9275755153435057E-9,0.9757447552915487,2.9275755153435057E-9,0.9757447552915487,2.9275755153435057E-9,0.9776974470935624,1.2102330249064153E-10
951,Memory/NonHeap/Max,0.9422177533197117,5.516555345863594E-8,0.024963989012264282,0.9109048201815502,0.024963989012264282,0.9109048201815502,0.08083920549003558,0.9665068832755139,0.08083920549003558,0.9665068832755139,0.10493265371969407,0.9098264665552896
952,OtherTransactionTotalTime/Initializer/ServletContextListener/com.netflix.karyon.server.guice.KaryonGuiceContextListener/contextInitialized,0.007967431961982588,0.0,0.05699799393130183,0.9829100290483945,NaN,NaN,0.05699799393130183,0.9829100290483945,0.05699799393130183,0.9829100290483945,0.03687987202835972,0.9869056742240042
953,External/allOther,0.007967431961982588,0.0,0.056997993931300804,0.9829100290484424,0.056997993931300804,0.9829100290484424,0.056997993931300804,0.9829100290484424,0.056997993931300804,0.9829100290484424,0.036879872028359045,0.9869056742241213
954,Database/mysql:mysql1.mysql.local.flyacmeair.net:3306:acmeair/collations/select,0.011299435028249422,0.0,0.04364533257441459,0.9246256227255605,0.04364533257441459,0.9246256227255605,0.041418012881247614,0.9247936366412569,0.04508797263523671,0.9251655651893519,0.0440347546532437,0.9392840751894774
955,Database/select,0.08420226814483779,0.9998467835017291,0.7411174277312663,7.103217090924652E-4,0.7411174277312663,7.103217090924652E-4,0.6435291959375317,2.624633742120963E-6,0.35138027232307534,5.758992566762267E-4,0.4854745229478079,0.21350240568722423
956,OtherTransaction/all,0.007967431961982588,0.0,0.056997993931301234,0.9829100290484002,0.056997993931301234,0.9829100290484002,0.05699799393130217,0.9829100290482834,0.05699799393130183,0.9829100290483945,0.03687987202835945,0.9869056742240834
957,MemoryPool/Heap/PS Old Gen/Committed,0.9422177533197117,5.516555345863594E-8,0.2312152805747898,0.9453755761969439,0.2312152805747898,0.9453755761969439,0.18742457204283264,0.9838809072319791,0.18549329542695656,0.983494310015443,0.029402633532459657,0.9552131245994178
958,Database/all,0.08414333202613751,0.9998479342840311,0.762848037509768,0.00828626813669664,0.762848037509768,0.00828626813669664,0.5961048080356661,3.063615119891505E-5,0.35297186425469457,2.148262624457331E-4,0.48549106759830757,0.19045075818646584
959,OtherTransactionTotalTime,0.007967431961982588,0.0,0.056997993931301234,0.9829100290484002,0.056997993931301234,0.9829100290484002,0.05699799393130217,0.9829100290482834,0.05699799393130183,0.9829100290483945,0.03687987202835945,0.9869056742240834
960,Memory/Heap/Committed,0.9422177533197117,5.516555345863594E-8,0.4584142895059189,0.743771998210529,0.4584142895059189,0.743771998210529,0.42604486270364306,0.7913065716846724,0.3951556817305545,0.8020341575508492,0.07980506587817583,0.895230331459238
961,Memory/Used,0.9422177533197117,5.516555345863594E-8,0.12235496873175737,3.1074435136169143E-7,0.12235496873175737,3.1074435136169143E-7,0.17430661489928082,1.3135388000573567E-4,0.4074282291966234,3.254822777964961E-8,0.30964651491460177,2.220446049250313E-15
962,MemoryPool/Heap/PS Survivor Space/Used,0.9422177533197117,5.516555345863594E-8,0.3709246620876834,0.0,0.3709246620876834,0.0,0.45047578452553977,0.0,0.03479612040935443,0.0,0.039052892255308905,0.0
963,MemoryPool/Heap/PS Survivor Space/Max,0.9422177533197117,5.516555345863594E-8,0.3744017461270462,0.8361366670453076,0.3744017461270462,0.8361366670453076,0.3856685462416294,0.8370038525505146,0.33690037174849896,0.8475442821289632,0.008807545866797387,0.7572063014759777
964,MemoryPool/Heap/PS Old Gen/Max,0.9422177533197117,5.516555345863594E-8,0.02496398901226364,0.9109048201813899,0.02496398901226364,0.9109048201813899,0.08083920549003817,0.9665068832755025,0.08083920549003817,0.9665068832755025,0.10493166509170004,0.9098284526534548
965,GC/PS Scavenge,0.05029515839089818,0.8095967835400009,0.556431874577183,0.0,0.556431874577183,0.0,0.556431874577183,0.0,0.556431874577183,0.0,0.46293126744659435,0.0
966,GC/PS MarkSweep,0.017023254128587094,0.2005229274044733,0.5729698707170354,0.0032850541863772564,0.5729698707170354,0.0032850541863772564,0.5729698707170354,0.0032850541863772564,0.5729698707170354,0.0032850541863772564,0.8718794820744923,0.3434497477805437
967,Apdex/RestWebService/customer/byid/{custid} (GET),0.08386650366702275,0.9998140883138259,NaN,NaN,NaN,NaN,0.7165387886814129,0.9999218713620781,0.7165387886814129,0.9999218713620781,NaN,NaN
968,Database/mysql:mysql1.mysql.local.flyacmeair.net:3306:acmeair/customer/select,0.08386650366702275,0.9998140883138259,0.678494508787559,0.6946890667403984,0.678494508787559,0.6946890667403984,0.7039992562671339,0.9999792459997073,0.3215353958199455,0.002087097664162818,0.22664834760802313,0.18239446768002698
970,WebTransaction/RestWebService/flights/queryflights (POST),0.08386328892641287,0.9998140572091474,0.7322944052901057,0.9772824312939281,0.7322948782806993,0.9770583809953163,0.7263535926011226,9.399070718107971E-5,0.4431452413916149,8.235656435395811E-4,0.2635223143859609,0.003754200570583399
973,WebTransactionTotalTime/RestWebService/flights/queryflights (POST),0.08386328892641287,0.9998140572091474,0.7322944052901057,0.9772824312939281,0.7322944052901057,0.9772824312939281,0.7263535926011226,9.399070718107971E-5,0.4431452413916149,8.235656435395811E-4,0.2635223143859609,0.003754200570583399
974,Database/mysql:mysql1.mysql.local.flyacmeair.net:3306:acmeair/warnings/show,0.08470581577768022,0.9998901204545332,0.6494513890662283,0.7539546911429562,0.6494513890662283,0.7539546911429562,0.8611173114113333,0.0,0.34314680020867544,4.3705698750462485E-4,0.22085771083231825,0.4612670471791227
975,WebTransactionTotalTime/RestWebService/login (POST),0.08470581577768022,0.9998901204545332,0.7421293369914406,0.0,0.7421293369914406,0.0,0.5203067460497627,0.0,0.5623226354570218,2.250100106238051E-11,0.8809779193736751,0.0
977,WebTransaction/RestWebService/login/logout (GET),0.08386204929279469,0.9998140250990052,0.7153069709681084,0.997853808445175,0.7252767361427054,0.9797141675388933,0.714969820338737,0.9987812527883366,0.37128593968230983,0.023124932898022532,0.25632474278110023,0.17354883278789968
978,Database/mysql:mysql1.mysql.local.flyacmeair.net:3306:acmeair/flightsegment/select,0.007967431961982588,0.9999827333440457,0.0015682310755608328,0.986008584404234,0.0015682310755608328,0.986008584404234,0.0015682310755608328,0.986008584404234,0.0015682310755608328,0.986008584404234,0.02409950304383813,0.9883502536383769
979,Database/mysql:mysql1.mysql.local.flyacmeair.net:3306:acmeair/customer/select,0.007967431961982588,0.9999827333440457,0.0015682310755972854,0.9860085844042861,0.0015682310755972854,0.9860085844042861,0.0015682310755972854,0.9860085844042861,0.0015682310755972854,0.9860085844042861,0.024099503043840148,0.9883502536383738
981,Database/allWeb,0.08414044432052589,0.9998429529638643,0.7631351759340633,0.00880695538946863,0.7631351759340633,0.00880695538946863,0.8852321224218674,0.0,0.3537015756223984,1.6796068292856958E-4,0.48549900840000015,0.18496048764179507
982,WebTransaction/RestWebService/customer/byid/{custid} (GET),0.08386650366702275,0.9998140883138259,0.7115727202112767,0.990342364365215,0.715497839417757,0.9897827479240991,0.7163178839049865,0.9976910039378412,0.6721849055977402,0.20579012854088785,0.30514898155130604,0.9872001497841524
983,Database/mysql:mysql1.mysql.local.flyacmeair.net:3306:acmeair/VARIABLE/select,0.08386650366702275,0.9998140883138259,0.6419586765488993,0.3334041200212259,0.6419586765488993,0.3334041200212259,0.6663746330791279,0.9941010478018196,0.6368578221803628,0.39781724678523345,0.1744767385118812,0.5423158393752867
984,WebTransactionTotalTime/RestWebService/login/logout (GET),0.08386204929279469,0.9998140250990052,0.7153069709681084,0.997853808445175,0.7153069709681084,0.997853808445175,0.714969820338737,0.9987812527883366,0.37128593968230983,0.023124932898022532,0.25632474278110023,0.17354883278789968
985,Apdex/RestWebService/login (POST),0.08386249205071546,0.9998139017467524,0.43478217602916003,0.9267972814868966,0.4961657938498527,NaN,0.8539345583142892,3.178379781587637E-11,0.8539345583142892,3.178379781587637E-11,NaN,NaN
987,Database/mysql:mysql1.mysql.local.flyacmeair.net:3306:acmeair/warnings/show,0.08386650366702275,0.9998140883138259,0.5868375977378293,0.17671435321581264,0.5868375977378293,0.17671435321581264,0.6644433369633568,0.9267702612864924,0.6152858607746795,0.4294262059252494,0.1017312290395796,0.674913514868497
988,Apdex/RestWebService/flights/queryflights (POST),0.08386328892641287,0.9998140572091474,NaN,NaN,NaN,NaN,0.7165387886814129,0.9999218713620781,0.7165387886814129,0.9999218713620781,NaN,NaN
989,WebTransactionTotalTime/RestWebService/customer/byid/{custid} (GET),0.08386650366702275,0.9998140883138259,0.7115727202112767,0.990342364365215,0.7115727202112767,0.990342364365215,0.7163178839049865,0.9976910039378412,0.6721849055977402,0.20579012854088785,0.30514898155130604,0.9872001497841524
991,Database/mysql:mysql1.mysql.local.flyacmeair.net:3306:acmeair/warnings/show,0.007967431961982588,0.9999827333440457,0.001568231075568567,0.9860085844042571,0.001568231075568567,0.9860085844042571,0.001568231075568567,0.9860085844042571,0.001568231075568567,0.9860085844042571,0.02409950304383955,0.9883502536383959
992,Database/mysql:mysql1.mysql.local.flyacmeair.net:3306:acmeair/flightsegment/select,0.007967431961982588,0.9999827333440457,0.0015682310755608328,0.986008584404234,0.0015682310755608328,0.986008584404234,0.0015682310755608328,0.986008584404234,0.0015682310755608328,0.986008584404234,0.02409950304383813,0.9883502536383769
993,Apdex/RestWebService/login/logout (GET),0.08386204929279469,0.9998140250990052,NaN,NaN,NaN,NaN,0.7165387886814129,0.9999218713620781,0.7165387886814129,0.9999218713620781,NaN,NaN
994,Database/show,0.08408260764152407,0.9998373471428134,0.6361731499501787,0.5075642022102083,0.6361731499501787,0.5075642022102083,0.8298376412157715,0.0,0.361585266845503,0.010773317804947835,0.17477103213528244,0.8704098543039389
995,WebTransaction/RestWebService/login (POST),0.08470581577768022,0.9998901204545332,0.7421293369914406,0.0,0.5924931832925562,0.0,0.5203067460497627,0.0,0.5623226354570218,2.250100106238051E-11,0.8809779193736751,0.0
996,Database/mysql:mysql1.mysql.local.flyacmeair.net:3306:acmeair/customer/select,0.08470581577768022,0.9998901204545332,0.5202462892973606,1.818318654056572E-4,0.5202462892973606,1.818318654056572E-4,0.9259585473030935,0.0,0.34927534420258716,8.725173228143479E-4,0.4854513759550809,0.24261158245424974
997,Database/mysql:mysql1.mysql.local.flyacmeair.net:3306:acmeair/VARIABLE/select,0.08470581577768022,0.9998901204545332,0.671437701749838,0.6059318166908565,0.671437701749838,0.6059318166908565,0.9037446740822414,0.0,0.3064503699156316,0.030200364005638858,0.21692071691838036,0.1972238355732574
998,Database/mysql:mysql1.mysql.local.flyacmeair.net:3306:acmeair/customer/select,0.084180338953892,0.9998468625402219,0.6673123870023863,6.45127280668123E-4,0.6673123870023863,6.45127280668123E-4,0.9037563437552504,0.0,0.3509470782985736,5.240034844210539E-4,0.4854662427793075,0.22655148062334385
999,Database/mysql:mysql1.mysql.local.flyacmeair.net:3306:acmeair/warnings/show,0.007967431961982588,0.9999827333440457,0.001568231075594065,0.9860085844042606,0.001568231075594065,0.9860085844042606,0.001568231075594065,0.9860085844042606,0.001568231075594065,0.9860085844042606,0.02409950304383875,0.9883502536383431
1000,Database/mysql:mysql1.mysql.local.flyacmeair.net:3306:acmeair/warnings/show,0.08408260764152407,0.9998373471428134,0.6361731499501787,0.5075642022102083,0.6361731499501787,0.5075642022102083,0.8298376412157715,0.0,0.361585266845503,0.010773317804947835,0.17477103213528244,0.8704098543039389
